%YAML:1.0
---
K: !!opencv-matrix
   rows: 3
   cols: 3
   dt: d
   data: [ 1172.367644297776, 0., 615.06431264085086, 0.,
       1174.6301460393827, 412.47218628641656, 0., 0., 1. ]
D: !!opencv-matrix
   rows: 1
   cols: 5
   dt: d
   data: [ 0.14547750173850726, -1.3889018772959982,
       0.010695962900154839, -0.01361754488025463, 4.0706859741896535 ]
