%YAML:1.0
---
K: !!opencv-matrix
   rows: 3
   cols: 3
   dt: d
   data: [ 658.58365620053314, 0., 213.93770573449436, 0.,
       684.70469359904268, 248.41717585833192, 0., 0., 1. ]
D: !!opencv-matrix
   rows: 1
   cols: 5
   dt: d
   data: [ -0.90721668376518039, -2.4047653372180657,
       0.02117314930105418, 0.093660198670715969, 25.342596345922694 ]
