%YAML:1.0
---
K: !!opencv-matrix
   rows: 3
   cols: 3
   dt: d
   data: [ 1096.260474719817, 0., 634.28861737378816, 0.,
       1102.6863488447966, 493.86389824324795, 0., 0., 1. ]
D: !!opencv-matrix
   rows: 1
   cols: 5
   dt: d
   data: [ -0.15610387930228733, 0.41474344359082677,
       0.022247438889469257, -0.0055811331872196585,
       -0.57756090541843363 ]
