%YAML:1.0
---
K: !!opencv-matrix
   rows: 3
   cols: 3
   dt: d
   data: [ 542.3482483207091, 0., 299.50876736422254, 0.,
       567.21451698930764, 250.76813114077953, 0., 0., 1. ]
D: !!opencv-matrix
   rows: 1
   cols: 5
   dt: d
   data: [ 0.03411205891655951, -0.0038425258705743317,
       0.034869437750652217, -0.018665955336863799, 0.020430969734972181 ]
