%YAML:1.0
---
K: !!opencv-matrix
   rows: 3
   cols: 3
   dt: d
   data: [ 788.66873497796348, 0., 343.38046662845301, 0.,
       786.9858467336569, 244.92175297233936, 0., 0., 1. ]
D: !!opencv-matrix
   rows: 1
   cols: 5
   dt: d
   data: [ -0.0042306324792228782, 0.73658368822691322,
       -0.0050987613062700634, 0.0031342759919592029,
       -2.4445137496500911 ]
