%YAML:1.0
---
K: !!opencv-matrix
   rows: 3
   cols: 3
   dt: d
   data: [ 670.32149063529107, 0., 295.2236547444237, 0.,
       666.68131866680255, 218.25821774317509, 0., 0., 1. ]
D: !!opencv-matrix
   rows: 1
   cols: 5
   dt: d
   data: [ -0.078560460992579087, 0.8003789149858731,
       -0.0087927284824246919, -0.01121046134129918, -1.7986353728638489 ]
