%YAML:1.0
---
K: !!opencv-matrix
   rows: 3
   cols: 3
   dt: d
   data: [ 318.96295420273077, 0., 239.0938929120702, 0.,
       325.18779501764135, 203.90132800017736, 0., 0., 1. ]
D: !!opencv-matrix
   rows: 1
   cols: 5
   dt: d
   data: [ -0.012260746595408132, 0.026727328577148868,
       -0.029698756635766918, -0.053685954534300605,
       -0.0073591208161005103 ]
