%YAML:1.0
---
K: !!opencv-matrix
   rows: 3
   cols: 3
   dt: d
   data: [ 864.62808199580991, 0., 336.99827053701506, 0.,
       864.24976205976691, 288.24083979832778, 0., 0., 1. ]
D: !!opencv-matrix
   rows: 1
   cols: 5
   dt: d
   data: [ -0.18573036540931709, 2.4572836086174297,
       0.022662866854101685, -0.018246907007173376, -7.5134841846530058 ]
